0 6716752340345642239
0 3192402202264981539
0 851862515453885741
0 5152072038558226671
0 2611744736246427727
0 4887818834641444885
0 6178962144998974801
0 3870968002370041203
0 3933716397959451405
0 3123778016536737729
0 3525287410659360207
0 4842314690750234979
0 8210125648033041167
0 5348531798865528547
0 2938918348238387299
0 1103574445408340039
0 4854612606138948101
0 1146502311387712721
0 6401304897695952399
0 7512333543268777455
0 2915290087693403715
0 4705155257567638553
0 1328323418218725545
0 6355538825701414581
0 1478053445673723479
0 6925592112909864493
0 7443466976310588413
0 6339158545806728741
0 7807586133683151453
0 5305024368090359403
0 8840523065404831641
0 5592192371673656953
0 7225102989690655329
0 3837585852007100299
0 8796855350267924521
0 1640542694729265783
0 3739872986654421247
0 1695739155787277567
0 5072815331053474075
0 7127138947015008839
0 3141254876028191917
0 1620268677656750087
0 6649044902979046121
0 2804861003861622189
0 966171653652129247
0 2006122003543515019
0 5253344389553891751
0 627743929310091665
0 4323527965706209037
0 3931287698941653415
0 576081542959668425
0 3277840608477006685
0 6034245890566634287
0 9035672207851824823
0 1405340054033823013
0 9018874602210418765
0 2424592219700288933
0 2163318936630696713
0 3675436718548416627
0 5686347706070688245
0 2347873673704277335
0 3305000989042240545
0 7581977098443928027
0 3853501893658947489
0 1962282275920840315
0 7447202383814018561
0 8273319712335576473
0 5843161520439569411
0 5953035473067282825
0 6578235376806618687
0 4522325532070079441
0 6179517276203042913
0 878598728866715445
0 1494417110726034041
0 3736137579150991099
0 8674167444794195233
0 8970896801492630705
0 2561233660738244339
0 2180488910210042825
0 6119774212396219761
0 7442976349788683145
0 2189165767304614477
0 4394780228560754173
0 5488189322466431477
0 3513895492851934303
0 5472790295615556173
0 3248489023405574397
0 3866875864427377145
0 6892050655528854747
0 8779066718146016587
0 1807642073872113165
0 7781916202213346943
0 4770768247451280509
0 4492605488435383635
0 9022274780835335951
0 5815005226675488005
0 8020276640303761667
0 2037068613482973995
0 3785804229729042711
0 3854322862341020049
0 41918269969157261
0 9021757766034364065
0 5065318127767547161
0 2929186937324820061
0 2702743250592156199
0 5787962127350550225
0 7294286215997643787
0 6434506239480103513
0 1969549803444520739
0 2940478188734325163
0 5598288064138045711
0 2549291498445095993
0 9118163922901410959
0 4323270924321226795
0 5712350911731667449
0 8887065148272661855
0 6096988422094029685
0 7535208271844858725
0 7348005910771594097
0 8594129839697804571
0 6197319591136318723
0 135196927094975355
0 7623931530128843245
0 2297524837245170191
0 8376373760840072835
0 6846536738200953501
0 3322916675841135899
0 4805642801596989031
0 409202066142376193
0 7943965646617778947
0 2891510338879704361
0 8084066884244468713
0 3452723552600837243
0 9064939741367711587
0 669137365728923967
0 1782748153275601051
0 2785652291388462553
0 3102249090193053977
0 4031573910175162289
0 6674463657125883193
0 4809637205172739689
0 1279690797242617705
0 7696142567122808835
0 7121118510013143399
0 5208585958882231087
0 7841219461369059795
0 7006200486709029411
0 5717386186315045817
0 6993052282328169709
0 2671881669551911881
0 138359611208292979
0 6750134490708583143
0 5739432127459701455
0 6475231172829248159
0 2148787790958012401
0 6293784388623513657
0 4440525776338240177
0 1410166177072006705
0 5280108945933126341
0 4130249459041938331
0 2339500770490806357
0 3996796113052698033
0 5736716089403178069
0 6201540738443308469
0 1770168762910177337
0 3581614658342560029
0 3812584423606983445
0 8556599842803058971
0 2694831653590516469
0 6675977562469371759
0 5018971513633543747
0 5310962708224017587
0 4794826539210683053
0 1377635293044881515
0 1953859528180243503
0 6671318565198609981
0 8624857524655377531
0 978572190126101439
0 5177066625552659587
0 5879274369014070711
0 18704403139886493
0 6981368138763672739
0 1746203318799342523
0 2511756614832004723
0 8377114587341276407
0 4635404194588883241
0 3073982356594360429
0 4694595059222645683
0 3887769517386123797
0 508367264187388369
0 8295087110534528921
0 5351803945469789179
0 9028861099821629977
0 3269533187289367685
0 3681146360263497455
0 8436935838641630279
0 6269953817939019335
0 7752408242154853215
0 1721308420859161275
0 7246404194959430859
0 6344616032855172997
0 4468446530278060289
0 118716958146037847
0 3069022337473505379
0 269970664381215687
0 183613555120204581
0 1907084837519159397
0 2231659692694891663
0 2940935585571479875
0 4139757058255273883
0 661873747579920079
0 4518686881589893559
0 8436495056646850845
0 7666175255539822127
0 8173632612771246741
0 4804968434465286571
0 3600933810650331807
0 8823946339432649867
0 5080757225708856959
0 173674947348780935
0 7387446614539496667
0 3043748230189700139
0 4994958179682921367
0 7409679228324956899
0 3326516232574556421
0 5898600362727526427
0 5221081297692109277
0 638337357339835091
0 1990240168920087519
0 5101338128693480731
0 3705043390317492889
0 8286469871403774443
0 1867608949379168003
0 2074061071359695895
0 2523234538882314419
0 456406788017879259
0 1433614606381869633
0 6519430562922164175
0 2707720861899055661
0 8075024500617640945
0 6921056260941413599
0 3371810247576902517
0 6510525007409015167
0 1271687329936079379
0 4724455840345696785
0 364733906540448327
0 8271660182785386941
0 8126933177572685953
0 7573212280419134315
0 4071309771731143327
0 1625668501428715437
0 4822561597853367705
0 6648494658493323679
0 5821746943305174337
0 3921007998229702003
0 1014237415300139367
0 5792477455101949305
0 3791775799547451451
0 5245987923756320133
0 984119592792106023
0 3447082324942595795
0 6089317251634996919
0 1485817463781323975
0 5456626008671748947
0 996525993328093019
0 5554170770913336951
0 7682470506535293309
0 4870186577506598391
0 1335444344192035869
0 3370418510192055701
0 6931632096785112613
0 1270724646421982389
0 811852020326878049
0 7169864502854870783
0 1341171578093161109
0 917767731094598763
0 164400933272368409
0 7549096325383252865
0 6488670625623509793
0 1290288134647037667
0 4718255572108710689
0 8825938165830344959
0 7361719019793213251
0 4052587776405212423
0 1579309181827013281
0 8646346379908626789
0 6983794883094132461
0 593161600921454209
0 7301148145898633601
0 809757572843923887
0 8435322244243890045
0 1292277029013725357
0 2543086343489764227
0 682617866957289229
0 3413105949628821419
0 4733761129419521599
0 4124762651683420055
0 68597797449177193
0 1006212446432880093
0 2647611294216307259
0 5489216510662691311
0 8334256112762412239
0 7004738380580004947
0 1651745985208548825
0 8966906307291556583
0 4747521150937259185
0 7146970227405406833
0 7081238978937799663
0 4176941075491146047
0 4855803988071622447
0 4369481687685220583
0 3888260143908029065
0 3518887764313870775
0 4657716950555212461
0 2899180531995067993
0 6488501545168749611
0 6378166286329204949
0 4444390193205996013
0 2913006035538637557
0 5504956630454094381
0 1477801291007086907
0 5599083621884720787
0 4714017809959345665
0 6617614507923365815
0 6374011598391716315
0 3096432918018037543
0 1794592581201835997
0 2458574459076078113
0 5132545689392598485
0 7866594235050785837
0 634304837360988207
0 1050452884959899737
0 7225490017783632393
0 2184247773961532189
0 1248588789659766423
0 6958583325805151797
0 4914150427775253113
0 1763751524378643493
0 8219603926936302699
0 728715258455663473
0 9136314172180898473
0 5563256157661606615
0 7146438552449397937
0 65132136798428029
0 8529734620025903579
0 2190665989836735167
0 2856941693302434781
0 4537104923034723789
0 1905020687689948389
0 358416357063166151
0 1035139864351908225
0 3128316800536196025
0 6156701188247109683
0 2948884321632546697
0 4786391086002387499
0 4649758441057454299
0 7400724805628351191
0 196147010333178997
0 21398939635688931
0 1253677818144947161
0 2156473621572082177
0 5457510504692315217
0 3791558829252903703
0 8854561629868272417
0 802101062539928131
0 6795103050269107617
0 7476815896988778761
0 5798209575721420215
0 4527445835552672467
0 5886833144951153067
0 7272805179493747601
0 5901240167977857361
0 2857256397963895929
0 4250173436619356667
0 4310506816002336755
0 5846869562320263807
0 5672300345514225263
0 7913660174125271875
0 15801692442558513
0 7970052903834303675
0 4096314132162267583
0 7632930910634229117
0 1931684577671262177
0 227034002308820799
0 8168186853846832093
0 2066628372755931825
0 9158456870348798377
0 2341845417953058823
0 495071480912489433
0 6168689285692707327
0 7767948006494083815
0 3949390058381353363
0 3643138442314545329
0 4578439718833408051
0 1877132186091209699
0 941453654916061253
0 7988796400720955527
0 6682551175987967043
0 646023187953904867
0 4349620109641079435
0 3425946290753903911
0 8420169507997636509
0 2787170106106627655
0 5196672139555487627
0 7011780141716115417
0 1459510304239244097
0 2531370924927854969
0 1319579124410983647
0 1440437442536094087
0 3850792697008108041
0 6458587010143896139
0 2532624856855353891
0 7650239667014592257
0 1551849734099024417
0 8517141546849111989
0 1810343451773599541
0 5283628360485677875
0 4997181636530201217
0 9066168262359813025
0 485328341874892587
0 2141058957222500729
0 2354555772370146493
0 6537302269255948499
0 8970345579663239129
0 3852771817938104391
0 3971137909706923131
0 8458918252447792207
0 3706458583950398921
0 5615046576032686409
0 2080822334862764907
0 1560380966986895103
0 3700273953212118969
0 1066648446901119251
0 2148875751888234461
0 3813436667286468293
0 3237296483706651829
0 5727068730045156355
0 3669569724502605225
0 6265338801133368587
0 4190052140812578657
0 6157914071740504977
0 3687823572211020943
0 2439242601300607593
0 8750254626779946267
0 1346972112769471399
0 4133123826772861425
0 2075480174367278463
0 2502326225768530757
0 8424958491976393109
0 5401097250766231603
0 1975645495908909497
0 3039801716453737047
0 6908273583092810013
0 2236605051660709703
0 8717497976365251123
0 8503645408122040583
0 1545247777614024247
0 7844642118898367063
0 2897168181380321087
0 2602785426831476349
0 9131017946837861327
0 1697945997792182139
0 7853222218969694449
0 1781975074433316057
0 4754273618347305991
0 2283279075923873007
0 6218723417490353323
0 848380239960761299
0 7770664044550607201
0 785104078790018737
0 7324355171322220431
0 4205534241875330351
0 2497161941820826701
0 4828787277025751285
0 1932764542425655247
0 2359752308658931971
0 5728399872122516863
0 2242849300362806829
0 3122693165063998989
0 8774212252141428009
0 8184771398568366939
0 4929638392900019611
0 3645706901477029481
0 4750289965551915807
0 6549662734639486197
0 5213059260855857405
0 3000515432985557649
0 7982374275471076013
0 1421779951892326027
0 5582310449835043079
0 6930513038283954183
0 624769872524916903
0 7337969568633257051
0 5265068604208823215
0 3576575474384505125
0 5008314558265306611
0 2876674261982250241
0 8294552503547512623
0 8826579303277296863
0 7563605969495216229
0 1056045245434684485
0 8814024346503601499
0 9116404704296969759
0 4106988679716549131
0 2732020557544734303
0 7758014285441005839
0 881360702075688129
0 3853562488966433797
0 1762604122911080177
0 4375558810619895795
0 4327454932568789449
0 8344907204068634571
0 3865817401233705023
0 252103844765777033
0 6655797370389092927
0 564922232945496413
0 4502013398594467519
0 3525375371589582267
0 3654374962478578927
0 4908684144633786651
0 458704522984013293
0 9052159018206446269
0 6623437521504066187
0 5500142235539940297
0 8516640169546846247
0 2870710510913194573
0 4938367049209055365
0 606482795131750629
0 4741673703764830463
0 1079498561462893083
0 9118922341588658943
0 6211817507124252479
0 4874081292028097381
0 7969733312454496857
0 7015796046852587023
0 5249800541409611867
0 9189375137321852467
0 6103784869969187521
0 1452666943867967829
0 341828880310623903
0 7087913258854315749
0 6167441217827223209
0 1220037649053354881
0 2185564255883855687
0 3576703506405161679
0 27502450849430761
0 4426738389197766839
0 9132296312357088599
0 821605910144835369
0 511575883453155291
0 3186165772312237485
0 431951694728808311
0 1542405662224182575
0 4609822224049300791
0 842296275620402149
0 6891166159508288477
0 2491695658679360239
0 4882175652295865169
0 811650687531036445
0 5099519292125222357
0 8322931631668156581
0 7323758014340379557
0 7598655468157699737
0 4671265865840417103
0 2738390883580149715
0 1796637184157664325
0 4980083009038701887
0 6438452753216066605
0 471503815674992157
0 411861418266089807
0 3295748476526548967
0 9053679764955618773
0 1585372621950320617
0 3619108493521547671
0 5841751213525009049
0 9188167140546802843
0 179045450810672265
0 4514504828029669173
0 1260490880862480275
0 8120313628901641371
0 6806999277409806665
0 6776596070550386193
0 3458028574036896595
0 6223682459267539239
0 2132869794618826943
0 2319474998710250697
0 4283758874465477443
0 14586854261824951
0 8223224985230444169
0 4801158748843002239
0 4335781900629811129
0 8689936884895672323
0 7462427443491788013
0 3124097607916544547
0 646371122300116571
0 6997079915588670923
0 7279578171120846221
0 6713560335922250595
0 7504117015042367917
0 6472953962080165939
0 771955874409159035
0 5438980068725534577
0 8752375462541967047
0 6834652239184284061
0 2358057594736653615
0 6236983129260783845
0 4791949239448752557
0 8902413353252742191
0 8106728551900678771
0 8318145579720407383
0 3992061860319412937
0 8736995005220805289
0 7353759532951785955
0 876193486096976671
0 4229722520342727717
0 6278401976615013631
0 6682438781466016633
0 8235227742831078823
0 2982742438362355859
0 3135352697610291691
0 4801608326930803879
0 3894840598832308287
0 1983017599205187259
0 5496948276429210385
0 8579596739337781991
0 3172295310959887757
0 5069522660232161629
0 7349888274678346181
0 9001786725499279909
0 5194868940485935397
0 3950605873905756059
0 1791059483837916587
0 6840686358997517377
0 3105853533644820169
0 3510286162681822441
0 7321367431725677793
0 2451716438549764835
0 4082233541921054045
0 8244210508494089417
0 6396596055898064787
0 1977217064528876969
0 7945806962090427403
0 5146396603871565533
0 7938395765047384281
0 2936340115639211807
0 3973362343897872115
0 5629680342790629791
0 8530238929359176723
0 4403177565365953501
0 3961047813666783715
0 6742219961675936011
0 3152233377463574139
0 5115110855678917059
0 6504244596991160083
0 1385597711917316213
0 5246167754991440789
0 5452872031638605253
0 4255452069776349401
0 4318742891102128973
0 3304740038282581767
0 791958189941655479
0 4042527000675147027
0 6304855737707463609
0 3669000910487169237
0 6820529623165297761
0 7898168299625828841
0 3757627411747909491
0 806892978549692133
0 8592267022664435167
0 6276344668191486561
0 7353691118894946575
0 1516279311260892487
0 1853325071654774593
0 999035811870429131
0 2242013671525697259
0 8254359245154376873
0 893932273691758771
0 827945938526507627
0 6143650718233163381
0 4784602547087872279
0 3486008945940533881
0 1922994037765322649
0 1704108149626072009
0 272858714923506657
0 453489417165514269
0 1663470199863480289
0 610560272919377677
0 3041726106138261893
0 6652477333945044729
0 7239395663508070945
0 7229318272935630271
0 2438328784969967303
0 5296311349280029793
0 1950804351870530619
0 2981693748605375077
0 2602800086986513359
0 4998470752829788963
0 8675413557972341083
0 8170939053619113437
0 6105900819012862631
0 7175500843794766561
0 9221141738599714869
0 1483421017104607407
0 4685805807606123621
0 3958102099848013839
0 5067035320594215599
0 7084533604446450377
0 8872993354124470523
0 5963019038647486635
0 1784822076541503399
0 1755333663356392351
0 6989700970886709223
0 2243320380011329417
0 8318259928929696061
0 7625905764340493925
0 3503868924150288597
0 5765249637823545199
0 8747992076185901057
0 959869741673553215
0 1673216270932084537
0 8705302682061797071
0 5559596005620699785
0 4026564046527181405
0 3635721381209487403
0 973671788969063563
0 3961154344126719321
0 5784198376880715191
0 4760362469406010811
0 4456354834403534441
0 3744384405031143791
0 2621956022901539759
0 4686589637228769089
0 2117516702920400937
0 3331160569690281189
0 7314548504946129875
0 4975916592977183645
0 4591426661508860643
0 3505912549762447791
0 7242704949171758669
0 4748452559453943887
0 2618778678633185125
0 6826682978906165425
0 2795949584286458377
0 7823524654239388725
0 7194041053198238541
0 5974505758790818537
0 654401955229390649
0 2286848335003550375
0 48590595198335079
0 5692997552395475981
0 3670436628337127083
0 6267244621288179887
0 6759463236030467173
0 802867299976529187
0 2287924390383266909
0 2154740791246707595
0 8821015285768917001
0 5322019397152930529
0 1270610297212693711
0 7815366766633127227
0 6224558159195083303
0 7462039438055141815
0 1504793568461229719
0 9068848138700578453
0 215289263436837521
0 7866641147546904269
0 5914399123139077537
0 845524441759551751
0 6794758047953903315
0 8026073265605395421
0 4655365461687276057
0 5347036463051753527
0 7001321587112712483
0 8748980170635395531
0 1155669795004189641
0 6259182513361493521
0 3228357698508752265
0 1307865660536412657
0 6959282126528582607
0 6524933985123057729
0 4925731950254491013
0 4160054531575848795
0 1676480598786992097
0 7141481465359550289
0 5464331386159201403
0 4194621222465780107
0 8738659421489340491
0 5673374446206603529
0 635726872399578177
0 1256155384346201851
0 8112611183445196317
0 6888860605792801371
0 5049304351748786571
0 8173552470590377753
0 4918114533697260617
0 3307262562292616621
0 4395905151123927407
0 7769544008705779637
0 3438835499062443103
0 1532987978628407351
0 8490079877994460663
0 4161728721281075337
0 8528580377152656325
0 7105496648805705543
0 6635433437699016903
0 5036940954334241471
0 4654344137553031027
0 8577842407451686461
0 138823849451131629
0 3948200631136017285
0 8107107761244302763
0 5410042877369815105
0 2657757098845587313
0 5705098044363024035
0 8895906199103648019
0 3135751453827298363
0 957038377064072017
0 7139423179592354085
0 856717958802143453
0 2437904617817563147
0 8629844909398968333
0 8657326836031347279
0 10672592866943281
0 822568593658932359
0 923678705605521195
0 3760195870910393643
0 6216652426255458377
0 14585876918155817
0 7054036572594793041
0 7069058344789382621
0 6880814135364821149
0 2338083622170562057
0 8376840931113918887
0 5594165628541638499
0 6713348252346048517
0 3781739457409114405
0 8260586879014098721
0 4215893107424481617
0 6807748900004032443
0 8813877744953231399
0 3061855476347745757
0 1218856040557371875
0 8139170497653912767
0 2774370813415648791
0 4370888085225104409
0 3628282818543708529
0 801056282157623885
0 8647018792352990981
0 3618914979475059139
0 1934211011055973567
0 7336521145315600463
0 86200734273949667
0 4996279548323590535
0 7215895434983743915
0 5998880709899020497
0 6934139960640110457
0 1704816723786194159
0 1235607711046328635
0 1953272144635093969
0 2930861127030046603
0 2652880153936608653
0 868303390656057889
0 1638448247246311621
0 4631044264480876467
0 6531875079861247397
0 8095723662186229931
0 423978525076013139
0 2837070341821602293
0 5417471666598902639
0 8109152364200131091
0 463759344440774341
0 503183433366301633
0 3529633657955999105
0 3982370520496280193
0 4629153104481102177
0 2452143537733176393
0 8118371647031072113
0 1110092350337794685
0 6558720755765020109
0 3044198785621170913
0 2902684309048913383
0 4751539010761069059
0 8010189476294629653
0 8431543833619019
0 9128536471261930101
0 4286539417204163673
0 5323007491602425003
0 3859142143973519803
0 8206954167826701337
0 7639463475718720773
0 6584323250521654373
0 5748472556399190955
0 4429044920256923079
0 7453814113735710071
0 9104799725569672643
0 6089942751583242679
0 4625595573525454417
0 1358494017284892125
0 3370470309406519803
0 838768064974828409
0 164656997313681517
0 830130301627022117
0 1898363022615807581
0 5288421253839111011
0 1803472725779587521
0 6087199347903983541
0 4901890628789636217
0 5986657072629161559
0 2923239801098139671
0 9135660329266247827
0 1377127074336931835
0 5623041247246202529
0 3469076466872787331
0 6675844643730369535
0 5265471269800506423
0 8320261528764082493
0 5739013824369312103
0 4378045172914172691
0 5470995892639026149
0 6111770745089681435
0 8497142163347622947
0 3653242221166052621
0 6347755260720431405
0 8838384637456766449
0 2688450576774740583
0 8217378515401684581
0 5264531065190799515
0 340138075763022083
0 219379446692163311
0 6844196977457046705
0 8852324490209624691
0 717338000803274579
0 996740031591633365
0 5572838034993796351
0 4082362551285379733
0 6485510873541199571
0 657752289327183
0 1053372210499602995
0 138038065141147893
0 3336185093493299083
0 7729640044038707551
0 8602927887407348839
0 1686484688584247721
0 2475966289668317643
0 953619628909441285
0 7078378294018244445
0 4168013041073606957
0 6902040085171073361
0 4610175045113858165
0 1908090524154698283
0 7236277937203533485
0 3629979487153325153
0 8349336525577149859
0 5897317110489953485
0 7113497184081236467
0 5646127082054816743
0 7523809512631748883
0 7622562271648386511
0 2192777052162064607
0 2318269933966208475
0 5472709176091018051
0 2825958921647217847
0 4903718261450916797
0 8429917533753579025
0 2221775816168939521
0 689483706232955579
0 179881079647781835
0 7426533519899172729
0 4645945823404162565
0 4144317343815453127
0 6232206850749725987
0 8278243569740673565
0 2295087342134349995
0 4499357955845430441
0 5149933610610161479
0 6304604560384496171
0 5018823934739504513
0 1774453437555660793
0 8007643496036535583
0 6042295293025621911
0 410038672323154897
0 7319392220170357979
0 485936249637093935
0 6144743388455255193
0 5206169965332131839
0 4436043678271591653
0 4997136678721421053
0 2824644394412232617
0 7574936314651486691
0 8400277632299752207
0 6055144430243726609
0 8100008336831713387
0 2725811493214727
0 5419087215683981141
0 5046251130126411955
0 8911099006440336049
0 8826288054863894931
0 207467582052758119
0 5272235465334582837
0 3519013841647189061
0 6719507472148930985
0 8187612536614539477
0 373403922229336041
0 9113482446726259099
0 7496042201647982809
0 4225394842575802365
0 4649367503589800699
0 4120211162216263017
0 2848929429902874249
0 2215299937017257637
0 2411970803557092457
0 8889638494153491677
0 8548911080157981793
0 2073290924548418303
0 2141529059527354183
0 1863080916160070181
0 2796745142033133453
0 1009463091476419777
0 5801240318439404749
0 4595058470583362587
0 4103616844058036831
0 6262129204523932531
0 267312289601171207
0 3857115133203735887
